[gd_scene load_steps=13 format=2]

[ext_resource path="res://assets/Player.tscn" type="PackedScene" id=1]
[ext_resource path="res://scripts/Player.gd" type="Script" id=2]
[ext_resource path="res://new_env.tres" type="Environment" id=3]
[ext_resource path="res://textures/TilesTerracottaRedHexagon001/TilesTerracottaRedHexagon001_COL_1K.jpg" type="Texture" id=4]
[ext_resource path="res://textures/TilesTerracottaRedHexagon001/TilesTerracottaRedHexagon001_NRM_1K.jpg" type="Texture" id=5]
[ext_resource path="res://assets/blocksLibrary.tres" type="MeshLibrary" id=6]

[sub_resource type="BoxShape" id=1]

[sub_resource type="CubeMesh" id=2]

[sub_resource type="SpatialMaterial" id=5]
albedo_color = Color( 0.898039, 0.0823529, 0.0823529, 1 )
roughness = 0.42
refraction_enabled = true
refraction_scale = 0.05
refraction_texture_channel = 0

[sub_resource type="BoxShape" id=3]
extents = Vector3( 15, 1, 15 )

[sub_resource type="CubeMesh" id=4]
size = Vector3( 30, 1, 30 )

[sub_resource type="SpatialMaterial" id=6]
albedo_color = Color( 0.47451, 0.478431, 0.4, 1 )
albedo_texture = ExtResource( 4 )
normal_enabled = true
normal_scale = -3.37
normal_texture = ExtResource( 5 )
uv1_scale = Vector3( 0.1, 0.1, 0.1 )
uv1_triplanar = true

[node name="Level" type="Spatial"]

[node name="RedBox" type="RigidBody" parent="."]
transform = Transform( 0.801734, 0.597681, 0, -0.483062, 0.647982, -0.588872, -0.351958, 0.472119, 0.808226, 0, 7.8025, 0 )

[node name="CollisionShape" type="CollisionShape" parent="RedBox"]
shape = SubResource( 1 )

[node name="MeshInstance" type="MeshInstance" parent="RedBox"]
mesh = SubResource( 2 )
material/0 = SubResource( 5 )

[node name="Box2" type="RigidBody" parent="."]
transform = Transform( 0.801734, 0.597681, 0, -0.483062, 0.647982, -0.588872, -0.351958, 0.472119, 0.808226, -1.24232, 13.7145, 0 )

[node name="CollisionShape" type="CollisionShape" parent="Box2"]
shape = SubResource( 1 )

[node name="MeshInstance" type="MeshInstance" parent="Box2"]
mesh = SubResource( 2 )
material/0 = null

[node name="Box3" type="RigidBody" parent="."]
transform = Transform( 0.560317, 0.527919, 0.638237, -0.152293, 0.823085, -0.547117, -0.814157, 0.20936, 0.541587, 1.08358, 11.4065, 0 )

[node name="CollisionShape" type="CollisionShape" parent="Box3"]
shape = SubResource( 1 )

[node name="MeshInstance" type="MeshInstance" parent="Box3"]
mesh = SubResource( 2 )
material/0 = null

[node name="Box4" type="RigidBody" parent="."]
transform = Transform( 0.920265, 0.332276, 0.206651, -0.170991, 0.816515, -0.551421, -0.351958, 0.472119, 0.808226, 3.14301, 13.6397, 0 )

[node name="CollisionShape" type="CollisionShape" parent="Box4"]
shape = SubResource( 1 )

[node name="MeshInstance" type="MeshInstance" parent="Box4"]
mesh = SubResource( 2 )
material/0 = null

[node name="Box5" type="RigidBody" parent="."]
transform = Transform( 0.920265, 0.332276, 0.206651, -0.170991, 0.816515, -0.551421, -0.351958, 0.472119, 0.808226, -0.0949793, 18.7398, 0 )

[node name="CollisionShape" type="CollisionShape" parent="Box5"]
shape = SubResource( 1 )

[node name="MeshInstance" type="MeshInstance" parent="Box5"]
mesh = SubResource( 2 )
material/0 = null

[node name="Box6" type="RigidBody" parent="."]
transform = Transform( 0.918253, 0.00673252, 0.395938, 0.181488, 0.881509, -0.435894, -0.351958, 0.472119, 0.808226, 2.89292, 17.3948, 0 )

[node name="CollisionShape" type="CollisionShape" parent="Box6"]
shape = SubResource( 1 )

[node name="MeshInstance" type="MeshInstance" parent="Box6"]
mesh = SubResource( 2 )
material/0 = null

[node name="Box7" type="RigidBody" parent="."]
transform = Transform( 0.801734, 0.597681, 0, -0.483062, 0.647982, -0.588872, -0.351958, 0.472119, 0.808226, 3.48712, 10.4933, 0 )

[node name="CollisionShape" type="CollisionShape" parent="Box7"]
shape = SubResource( 1 )

[node name="MeshInstance" type="MeshInstance" parent="Box7"]
mesh = SubResource( 2 )
material/0 = SubResource( 5 )

[node name="Floor" type="StaticBody" parent="."]
transform = Transform( 1, 0, 0, 0, 1, 0, 0, 0, 1, 0, 0.047051, 0 )

[node name="CollisionShape" type="CollisionShape" parent="Floor"]
shape = SubResource( 3 )

[node name="MeshInstance" type="MeshInstance" parent="Floor"]
mesh = SubResource( 4 )
material/0 = SubResource( 6 )

[node name="Player" parent="." instance=ExtResource( 1 )]
transform = Transform( 1.01085, 0, 0, 0, 1.01085, 0, 0, 0, 1.01085, 0.225297, 1.47826, 7.27673 )
script = ExtResource( 2 )

[node name="PlayerCameraTarget" type="Spatial" parent="Player"]
transform = Transform( 1, 0, 0, 0, 0.864143, 0.503246, 0, -0.503246, 0.864143, 0, 4.38631, 7.35228 )

[node name="InterpolatedCamera" type="InterpolatedCamera" parent="."]
transform = Transform( 1, 0, 0, 0, 1, 0, 0, 0, 1, 0, 37.7306, 38.93 )
environment = ExtResource( 3 )
target = NodePath("../Player/PlayerCameraTarget")
enabled = true

[node name="DirectionalLight" type="DirectionalLight" parent="."]
transform = Transform( -0.885697, 0.447886, -0.122226, 0.140892, 0.510156, 0.848463, 0.442369, 0.73426, -0.514947, -0.0569839, 5.96404, 11.508 )
shadow_enabled = true
shadow_color = Color( 0.498039, 0.117647, 0.117647, 1 )

[node name="GridMap" type="GridMap" parent="."]
mesh_library = ExtResource( 6 )
data = {
"cells": PoolIntArray( 0, 0, 0, 6, 0, 0, 65529, 0, 0, 65533, 0, 0, 65534, 0, 0, 65542, 0, 720897, 131065, 0, 720896, 6, 1, 1, 65529, 1, 0, 65534, 1, 0, 65542, 1, 720897, 131065, 1, 720896, 1, 2, 1, 2, 2, 1, 3, 2, 1, 6, 2, 1, 65529, 2, 0, 65530, 2, 1, 65531, 2, 1, 65534, 2, 0, 65542, 2, 720897, 131065, 2, 720896, 131078, 2, 720897, 6, 3, 1, 65529, 3, 0, 65534, 3, 0, 65542, 3, 720897, 131065, 3, 720896, 131078, 3, 720897, 131079, 3, 720897, 6, 4, 0, 65529, 4, 0, 65534, 4, 0, 65542, 4, 720897, 131065, 4, 720896, 131078, 4, 720897, 196614, 4, 720897, 1, 5, 0, 2, 5, 1, 3, 5, 1, 4, 5, 0, 5, 5, 0, 6, 5, 0, 65529, 5, 0, 65532, 5, 0, 65533, 5, 0, 65534, 5, 0, 65535, 5, 0, 65537, 5, 720896, 65538, 5, 720897, 65539, 5, 720897, 65540, 5, 720897, 65541, 5, 720897, 131065, 5, 720896, 131076, 5, 720897, 131077, 5, 720897, 196613, 5, 720897, 0, 6, 0, 2, 6, 1, 7, 6, 0, 65529, 6, 0, 65530, 6, 0, 65531, 6, 0, 65532, 6, 0, 65535, 6, 0, 65536, 6, 720896, 65537, 6, 720896, 131065, 6, 720896, 131066, 6, 720896, 131067, 6, 720896, 131068, 6, 720896, 131069, 6, 720896, 131070, 6, 720896, 131071, 6, 720896, 2, 7, 1, 7, 7, 0, 0, 65528, 0, 1, 65528, 0, 2, 65528, 0, 3, 65528, 0, 5, 65528, 0, 6, 65528, 0, 7, 65528, 0, 65529, 65528, 0, 65530, 65528, 0, 65531, 65528, 0, 65532, 65528, 0, 65533, 65528, 0, 65534, 65528, 0, 65535, 65528, 0, 65536, 65528, 720896, 65537, 65528, 720896, 65538, 65528, 720896, 65539, 65528, 720896, 65540, 65528, 720896, 65541, 65528, 720896, 65542, 65528, 720896, 131065, 65528, 720896, 131066, 65528, 720896, 131067, 65528, 720896, 131068, 65528, 720896, 131069, 65528, 720896, 131070, 65528, 720896, 131071, 65528, 720896, 3, 65529, 0, 4, 65529, 0, 5, 65529, 0, 6, 65529, 0, 65529, 65529, 0, 65542, 65529, 720896, 131065, 65529, 720896, 0, 65530, 1, 6, 65530, 0, 65529, 65530, 0, 65542, 65530, 720896, 131065, 65530, 720896, 0, 65531, 1, 2, 65531, 0, 6, 65531, 720897, 65529, 65531, 0, 65538, 65531, 720896, 65542, 65531, 720896, 131065, 65531, 720896, 0, 65532, 1, 2, 65532, 0, 6, 65532, 0, 65529, 65532, 0, 65532, 65532, 1, 65533, 65532, 1, 65534, 65532, 1, 65535, 65532, 1, 65538, 65532, 720896, 65542, 65532, 720896, 131065, 65532, 720896, 0, 65533, 1, 2, 65533, 0, 6, 65533, 0, 65529, 65533, 0, 65538, 65533, 720896, 65542, 65533, 720896, 131065, 65533, 720896, 0, 65534, 1, 1, 65534, 0, 2, 65534, 0, 3, 65534, 1, 4, 65534, 1, 5, 65534, 0, 6, 65534, 0, 65529, 65534, 0, 65532, 65534, 1, 65537, 65534, 720896, 65538, 65534, 720896, 65542, 65534, 720896, 131065, 65534, 720896, 131073, 65534, 720897, 131074, 65534, 720897, 1, 65535, 0, 2, 65535, 0, 65529, 65535, 0, 65532, 65535, 1, 65533, 65535, 1, 65537, 65535, 720896, 65538, 65535, 720896, 131065, 65535, 720896, 131073, 65535, 720897, 131074, 65535, 720897, 196610, 65535, 720897 )
}
__meta__ = {
"_editor_clip_": 0,
"_editor_floor_": Vector3( 0, 0, 0 )
}
